[1358283075914,17]
,[1358283378004,17]
,[1358283680945,16.75]
,[1358283983067,17.125]
,[1358284285356,17.125]
,[1358284587464,17.187]
,[1358284889744,17.125]
,[1358285191844,17.187]
,[1358285502122,17.187]
,[1358285804802,17.25]
,[1358286106757,17.375]
,[1358286408668,17.25]
,[1358286710615,17.312]
,[1358287012522,17.312]
,[1358287314441,17.312]
,[1358287616361,17.25]
,[1358287918478,17]
,[1358288220616,16.625]
,[1358288522714,16.375]
,[1358288824828,16.5]
,[1358289127178,16.375]
,[1358289429600,16.25]
,[1358289731865,16.25]
,[1358290034052,16.125]
,[1358290337304,16]
,[1358290639414,15.75]
,[1358290941374,15.562]
,[1358315498852,13.687]
,[1358315800745,13.875]
,[1358316102619,14]
,[1358316404486,14.187]
,[1358316706360,14.312]
,[1358317008227,14.437]
,[1358317310093,14.625]
,[1358317612976,14.75]
,[1358317914874,14.875]
,[1358318216743,15.062]
,[1358318518619,15.187]
,[1358318820485,15.312]
,[1358319123193,15.25]
,[1358319425064,15.187]
,[1358319726933,15.125]
,[1358320028802,14.937]
,[1358320330683,14.937]
,[1358320632557,14.875]
,[1358320934423,14.687]
,[1358321236295,15]
,[1358321538163,15.125]
,[1358321840033,15.312]
,[1358322141905,15.375]
,[1358322443776,15.437]
,[1358322745642,15.562]
,[1358323047505,15.687]
,[1358323349373,15.812]
,[1358323882070,16]
,[1358324183945,16.062]
,[1358324485812,16.187]
,[1358324787672,16.25]
,[1358325089532,16.312]
,[1358325391405,16.312]
,[1358325693273,16.437]
,[1358325995147,16.5]
,[1358326297017,16.562]
,[1358326598882,16.687]
,[1358326900753,16.687]
,[1358327202624,16.75]
,[1358327504492,16.75]
,[1358327807192,16.937]
,[1358328109054,17]
,[1358328410923,17]
,[1358328712782,17.062]
,[1358329014645,17.187]
,[1358329316512,17.25]
,[1358329618372,17.312]
,[1358329920247,17.437]
,[1358330222115,17.5]
,[1358330523985,17.562]
,[1358330826692,17.687]
,[1358331128555,17.687]
,[1358331430423,17.812]
,[1358331732295,17.812]
,[1358332034166,17.875]
,[1358332336033,17.812]
,[1358332637894,17.875]
,[1358332939764,17.937]
,[1358333241634,17.937]
,[1358333543524,18]
,[1358333845394,18]
,[1358334147262,18]
,[1358334449129,18.062]
,[1358334750998,18.125]
,[1358335052862,18.125]
,[1358335354733,18.187]
,[1358335656605,18.25]
,[1358335958474,18.5]
,[1358336260343,18.562]
,[1358336562215,18.625]
,[1358336864086,18.562]
,[1358337165954,18.687]
,[1358337467825,18.5]
,[1358337769695,18.687]
,[1358338071564,18.75]
,[1358338373493,18.75]
,[1358338675365,18.75]
,[1358338977234,18.875]
,[1358339279104,18.625]
,[1358339580975,18.25]
,[1358339882845,18.25]
,[1358340184716,18.125]
,[1358340486588,17.875]
,[1358340788453,17.687]
,[1358341090325,17.562]
,[1358341392196,17.562]
,[1358341694063,17.5]
,[1358341995936,17.562]
,[1358342297805,17.5]
,[1358342599674,17.312]
,[1358342901543,17.187]
,[1358343203414,17.125]
,[1358343505284,17.125]
,[1358343807158,17.375]
,[1358344109024,17.125]
,[1358344410893,17.125]
,[1358344712764,17.5]
,[1358345014636,17.687]
,[1358345316507,18.25]
,[1358345618378,18.062]
,[1358345920244,17.25]
,[1358346222114,17.187]
,[1358346523983,17.5]
,[1358346825855,17.562]
,[1358347127724,17.875]
,[1358347429593,18]
,[1358347731464,18.062]
,[1358348033334,18.062]
,[1358348335204,18.562]
,[1358348637076,18.687]
,[1358348938947,18.875]
,[1358349240813,18.937]
,[1358349542683,19.062]
,[1358349844555,19.062]
,[1358350147265,19.125]
,[1358350449134,19.125]
,[1358350751003,19.187]
,[1358351052874,19.25]
,[1358351354749,19.312]
,[1358351656614,19.375]
,[1358351959323,19.375]
,[1358352261192,19.437]
,[1358352563054,19.5]
,[1358352864928,19.5]
,[1358353166796,19.562]
,[1358353468667,19.625]
,[1358353770538,19.687]
,[1358354072410,19.687]
,[1358354374291,19.687]
,[1358354676156,19.75]
,[1358354978024,19.687]
,[1358355279896,19.75]
,[1358355581767,19.687]
,[1358355883638,19.812]
,[1358356185507,19.75]
,[1358356487378,19.625]
,[1358356789246,18.812]
,[1358357091117,18.937]
,[1358357392989,19.187]
,[1358357694858,19.25]
,[1358357997630,18.625]
,[1358358299547,18.812]
,[1358358601429,18.437]
,[1358358903338,18.937]
,[1358359205240,18.812]
,[1358359507120,19.062]
,[1358359809002,19]
,[1358360110896,19.187]
,[1358360412766,19]
,[1358360714638,19.312]
,[1358361016509,19.25]
,[1358361318377,19.562]
,[1358361620248,19.375]
,[1358361922117,19.25]
,[1358362223990,19.187]
,[1358362525858,19.312]
,[1358362827728,19.312]
,[1358363129597,19.375]
,[1358363431466,19.375]
,[1358363733338,19.437]
,[1358364035219,19.5]
,[1358364337963,19.437]
,[1358364639867,19.5]
,[1358364941817,19.437]
,[1358365243719,19.5]
,[1358365545616,19.562]
,[1358365847540,19.687]
,[1358366149416,19.812]
,[1358366228762,19.812]
,[1358368203468,19.437]
,[1358368505339,19.5]
,[1358368807237,19.062]
,[1358369109099,19]
,[1358369712839,18.75]
,[1358370014872,18.687]
,[1358370316750,18.625]
,[1358370618612,18.687]
,[1358370920472,18.687]
,[1358371035161,18.75]
,[1358371096302,18.75]
,[1358371275190,18.75]
,[1358371578555,18.687]
,[1358371888446,18.625]
,[1358372208090,18.812]
,[1358372512012,18.687]
,[1358372814203,18.687]
,[1358373117651,18.812]
,[1358373420954,18.687]
,[1358373732923,18.687]
,[1358374045083,18.375]
,[1358374357834,18.187]
,[1358374665292,17.937]
,[1358374971080,17.562]
,[1358375276873,17.5]
,[1358375589619,17.625]
,[1358375903819,17.375]
,[1358376073873,17.375]
,[1358376208853,17.375]
,[1358376322822,17.312]
,[1358376418318,17.312]
,[1358376727933,17.187]
,[1358376930247,17.062]
,[1358377230817,17.062]
,[1358377540868,16.812]
,[1358378103281,16.562]
,[1358378417962,16.562]
,[1358378722411,16.25]
,[1358379026505,16.062]
,[1358379329921,15.937]
,[1358379633281,15.812]
,[1358379937215,15.625]
,[1358380240634,15.562]
,[1358380543970,15.437]
,[1358380847402,15.375]
,[1358381150809,15.25]
,[1358381454191,15.187]
,[1358381758043,15.125]
,[1358382061450,15.062]
,[1358382364772,14.937]
,[1358382668120,14.875]
,[1358382971411,14.75]
,[1358383274760,14.625]
,[1358383578100,14.562]
,[1358383881490,14.5]
,[1358384184900,14.437]
,[1358384488236,14.375]
,[1358384791570,14.312]
,[1358385094901,14.25]
,[1358385398233,14.125]
,[1358385701631,14.062]
,[1358386005050,14]
,[1358386308531,13.937]
,[1358386611822,13.875]
,[1358386915241,13.812]
,[1358387218703,13.75]
,[1358387522161,13.75]
,[1358387825521,13.625]
,[1358388128934,13.562]
,[1358388432350,13.5]
,[1358388735691,13.5]
,[1358389039050,13.375]
,[1358389342390,13.375]
,[1358389645721,13.312]
,[1358389949153,13.25]
,[1358390252532,13.187]
,[1358390556033,13.125]
,[1358390859370,13.062]
,[1358391162712,13.062]
,[1358391466052,13]
,[1358391769380,12.937]
,[1358392072820,12.937]
,[1358392376151,12.812]
,[1358392679522,12.812]
,[1358392982930,12.75]
,[1358393286244,12.687]
,[1358393589712,12.687]
,[1358393893175,12.625]
,[1358394196554,12.562]
,[1358394500003,12.5]
,[1358394803432,12.437]
,[1358395106804,12.437]
,[1358395410262,12.375]
,[1358395713573,12.375]
,[1358396016951,12.312]
,[1358396320542,12.25]
,[1358396624024,12.25]
,[1358396927471,12.25]
,[1358397230802,12.187]
,[1358397534144,12.187]
,[1358397837471,12.125]
,[1358398140823,12.125]
,[1358398444161,12.125]
,[1358398747435,12.062]
,[1358399050853,12.125]
,[1358399354230,12.187]
,[1358399657521,12.062]
,[1358399960871,12.062]
,[1358400264161,11.937]
,[1358400567494,11.875]
,[1358400870862,11.937]
,[1358401174230,12.187]
,[1358401477582,12.375]
,[1358401780961,12.5]
,[1358402084422,12.562]
,[1358402387802,12.687]
,[1358402691134,12.812]
,[1358402994502,12.937]
,[1358403297875,13]
,[1358403601257,13.062]
,[1358403906956,13.062]
,[1358404216006,13.312]
,[1358404522733,13.375]
,[1358404827940,13.5]
,[1358405136154,13.562]
,[1358405440544,13.625]
,[1358405744086,13.75]
,[1358406047516,13.75]
,[1358406350865,13.687]
,[1358406654255,13.75]
,[1358406958090,13.812]
,[1358407261414,14.187]
,[1358407565001,14.125]
,[1358407868464,14]
,[1358408171855,13.937]
,[1358408476017,13.875]
,[1358408788854,14.187]
,[1358409100924,14.625]
,[1358409412945,14.875]
,[1358409724966,15.062]
,[1358410037155,15.25]
,[1358410349193,15.312]
,[1358410661634,15.437]
,[1358410973646,15.5]
,[1358411285678,15.562]
,[1358411597694,15.312]
,[1358411909715,15.625]
,[1358412221746,15.75]
,[1358412534187,15.687]
,[1358412846214,15.5]
,[1358413158224,15.312]
,[1358413470316,15.375]
,[1358413782350,15.5]
,[1358414095706,15.5]
,[1358414407846,15.437]
,[1358414719932,15.312]
,[1358415031986,15.187]
,[1358415344037,15.125]
,[1358415656096,15.375]
,[1358415968178,15.375]
,[1358416280345,15.312]
,[1358416592471,15.312]
,[1358416904537,14.875]
,[1358417216600,14.75]
,[1358417528662,14.937]
,[1358417840748,15.125]
,[1358418152808,15.25]
,[1358418464894,15.375]
,[1358418776997,15.5]
,[1358419089131,15.625]
,[1358419401219,15.687]
,[1358419713305,15.812]
,[1358420025356,15.937]
,[1358420337405,16]
,[1358420649486,16.187]
,[1358420961581,16.187]
,[1358421273960,16.375]
,[1358421586006,16.375]
,[1358421898057,16.562]
,[1358422210277,16.5]
,[1358422522355,16.687]
,[1358422834435,16.687]
,[1358423146647,16.75]
,[1358423458719,16.75]
,[1358423771054,16.812]
,[1358424083226,16.812]
,[1358424395336,16.875]
,[1358424707421,16.937]
,[1358425019536,16.875]
,[1358425331689,16.875]
,[1358425643819,16.812]
,[1358425955898,16.937]
,[1358426268027,16.812]
,[1358426580967,16.937]
,[1358426893038,16.875]
,[1358427205175,16.937]
,[1358427518089,16.875]
,[1358427830117,16.937]
,[1358428142238,16.812]
,[1358428454390,16.875]
,[1358428766416,16.812]
,[1358429079305,16.875]
,[1358429391405,16.812]
,[1358429703435,16.875]
,[1358430015455,16.812]
,[1358430327476,16.875]
,[1358430639498,16.812]
,[1358430951528,16.937]
,[1358431264115,16.937]
,[1358431576225,16.937]
,[1358431888330,16.937]
,[1358432200472,16.937]
,[1358432512566,16.937]
,[1358432824585,16.875]
,[1358433136605,16.875]
,[1358433448625,16.875]
,[1358433760648,16.875]
,[1358434072686,16.875]
,[1358434384784,17.062]
,[1358434697669,16.937]
,[1358435009686,17.062]
,[1358435321772,17]
,[1358435634155,17]
,[1358435946285,16.625]
,[1358436258310,16.625]
,[1358436570406,16.687]
,[1358436882414,16.687]
,[1358437194434,16.812]
,[1358437506548,16.75]
,[1358437818576,16.812]
,[1358438130606,16.75]
,[1358438442716,16.937]
,[1358438754736,17]
,[1358439066755,17.312]
,[1358439378776,17.625]
,[1358439690796,17.812]
,[1358440002816,17.937]
,[1358440314838,18.125]
,[1358440626936,18.25]
,[1358440938982,18.312]
,[1358441251016,18.312]
,[1358441563138,18.312]
,[1358441875226,18.25]
,[1358442187299,18.437]
,[1358442499385,18.437]
,[1358442811495,18.5]
,[1358443123586,18.625]
,[1358443435665,18.75]
,[1358443747800,18.812]
,[1358444059860,18.812]
,[1358444371913,18.937]
,[1358444684097,18.812]
,[1358444996175,18.875]
,[1358445309025,18.875]
,[1358445621307,19]
,[1358445933356,18.875]
,[1358446245471,18.812]
,[1358446549762,18.687]
,[1358446855348,18.187]
,[1358447159928,18]
,[1358447464567,17.875]
,[1358447767999,17.75]
,[1358448071406,17.562]
,[1358448375717,17.312]
,[1358448679937,17.75]
,[1358448984125,18.062]
,[1358449288094,18.312]
,[1358449595202,18.25]
,[1358449900613,18.437]
,[1358450204916,18.312]
,[1358450509105,18.5]
,[1358450813351,18.187]
,[1358451117676,18.375]
,[1358451421888,18.687]
,[1358451726076,18.312]
,[1358452030766,17.937]
,[1358452335039,18.375]
,[1358452639698,17.875]
,[1358452943850,18.187]
,[1358453247407,18.062]
,[1358453551775,18.187]
,[1358453856458,18.187]
,[1358454160678,17.875]
,[1358454465097,17.875]
,[1358454768486,17.625]
,[1358455071976,17.187]
,[1358455375296,17.187]
,[1358455679558,17.25]
,[1358455983766,17.562]
,[1358456287906,17.437]
,[1358456592127,17.937]
