 [1358116749000,18]
,[1358116799000,17.687]
,[1358116979000,17.687]
,[1358116998000,17.687]
,[1358117038000,17.625]
,[1358117882000,17.625]
,[1358118097000,17.625]
,[1358118399000,17.687]
,[1358118490000,17.625]
,[1358118792000,17.5]
,[1358119094000,17.125]
,[1358119396000,16.875]
,[1358119697000,17.062]
,[1358119999000,17.062]
,[1358120301000,17.125]
,[1358120603000,17.062]
,[1358120905000,16.75]
,[1358121207000,16.562]
,[1358121509000,16.437]
,[1358121810000,16.375]
,[1358122112000,16.25]
,[1358122414000,16.187]
,[1358122716000,16.062]
,[1358123018000,16]
,[1358123320000,15.937]
,[1358123623000,15.875]
,[1358123924000,15.812]
,[1358124226000,15.75]
,[1358124528000,15.687]
,[1358124830000,15.625]
,[1358125132000,15.562]
,[1358125434000,15.5]
,[1358125736000,15.437]
,[1358126037000,15.312]
,[1358126339000,15.312]
,[1358126641000,15.25]
,[1358126943000,15.187]
,[1358127245000,15.125]
,[1358127547000,15.062]
,[1358127849000,15.062]
,[1358128151000,14.937]
,[1358128453000,14.937]
,[1358128755000,14.937]
,[1358129057000,14.875]
,[1358129359000,14.812]
,[1358129661000,14.75]
,[1358129962000,14.75]
,[1358130264000,14.687]
,[1358130566000,14.625]
,[1358130868000,14.625]
,[1358131170000,14.562]
,[1358131472000,14.562]
,[1358131774000,14.5]
,[1358132075000,14.437]
,[1358132377000,14.375]
,[1358132679000,14.375]
,[1358132981000,14.312]
,[1358133283000,14.312]
,[1358133585000,14.25]
,[1358133887000,14.187]
,[1358134189000,14.187]
,[1358134490000,14.125]
,[1358134792000,14.125]
,[1358135094000,14.062]
,[1358135396000,14.062]
,[1358135698000,14]
,[1358136000000,14]
,[1358136302000,13.937]
,[1358136603000,13.937]
,[1358136905000,13.875]
,[1358137207000,13.812]
,[1358137509000,13.812]
,[1358137811000,13.687]
,[1358138113000,13.687]
,[1358138415000,13.625]
,[1358138716000,13.625]
,[1358139018000,13.562]
,[1358139321000,13.562]
,[1358139623000,13.562]
,[1358139925000,13.562]
,[1358140228000,13.5]
,[1358140529000,13.5]
,[1358140831000,13.5]
,[1358141133000,13.437]
,[1358141435000,13.437]
,[1358141737000,13.375]
,[1358142039000,13.375]
,[1358142341000,13.5]
,[1358142643000,13.625]
,[1358142945000,13.812]
,[1358143247000,13.937]
,[1358143549000,14]
,[1358143851000,14.187]
,[1358144153000,14.312]
,[1358144455000,14.437]
,[1358144757000,14.562]
,[1358145059000,14.687]
,[1358145361000,14.687]
,[1358145663000,14.812]
,[1358145965000,14.875]
,[1358146266000,14.937]
,[1358146568000,15.062]
,[1358146871000,15.187]
,[1358147173000,15.187]
,[1358147475000,15.312]
,[1358147777000,15.312]
,[1358148079000,15.375]
,[1358148381000,15.75]
,[1358148683000,15.937]
,[1358148984000,16.125]
,[1358149286000,16.187]
,[1358149588000,16.312]
,[1358149890000,16.437]
,[1358150192000,16.437]
,[1358150495000,16.562]
,[1358150797000,16.625]
,[1358151099000,16.625]
,[1358151400000,16.562]
,[1358151702000,16.437]
,[1358152004000,16.687]
,[1358152306000,16.812]
,[1358152609000,16.937]
,[1358152911000,17.062]
,[1358153213000,17]
,[1358153515000,16.875]
,[1358153818000,16.75]
,[1358154120000,16.75]
,[1358154424000,16.875]
,[1358154726000,16.937]
,[1358155028000,16.937]
,[1358155330000,16.875]
,[1358155632000,16.75]
,[1358155935000,16.75]
,[1358156237000,16.625]
,[1358156539000,16.625]
,[1358156841000,16.625]
,[1358157144000,16.562]
,[1358157446000,16.437]
,[1358157749000,16.375]
,[1358158051000,16.25]
,[1358158353000,16.187]
,[1358158655000,16.125]
,[1358158957000,16]
,[1358159259000,15.875]
,[1358159561000,15.937]
,[1358159863000,16]
,[1358160165000,16.187]
,[1358160467000,16.375]
,[1358160769000,16.5]
,[1358161071000,16.562]
,[1358161372000,16.687]
,[1358161674000,16.75]
,[1358161976000,16.937]
,[1358162278000,16.937]
,[1358162580000,17.062]
,[1358162882000,17.125]
,[1358163184000,17.25]
,[1358163486000,17.312]
,[1358163787000,17.437]
,[1358164089000,17.437]
,[1358164391000,17.562]
,[1358164693000,17.562]
,[1358164995000,17.687]
,[1358165297000,17.687]
,[1358165599000,17.75]
,[1358165900000,17.687]
,[1358166202000,17.812]
,[1358166504000,17.812]
,[1358166806000,17.875]
,[1358167108000,17.812]
,[1358167410000,17.937]
,[1358167712000,17.875]
,[1358168014000,17.937]
,[1358168633949,18.062]
,[1358168935819,18]
,[1358169237688,18.062]
,[1358169539560,18]
,[1358169841429,18.062]
,[1358170143289,18]
,[1358170445161,18.062]
,[1358170747058,18.062]
,[1358171048949,18.062]
,[1358171350840,18]
,[1358171652710,18.062]
,[1358171954589,18]
,[1358172256516,18]
,[1358172558431,17.937]
,[1358172860301,18]
,[1358173162169,17.875]
,[1358173464062,17.937]
,[1358173765940,17.937]
,[1358174067812,17.875]
,[1358174369693,17.875]
,[1358174671564,17.875]
,[1358174973430,17.875]
,[1358175275300,17.937]
,[1358175577191,17.875]
,[1358175879092,18]
,[1358176181031,17.937]
,[1358176482931,17.937]
,[1358176784830,17.937]
,[1358177086733,18]
,[1358177388656,17.937]
,[1358177690573,18]
,[1358177992456,18.187]
,[1358178294372,18.25]
,[1358178596286,18.375]
,[1358178898203,18.437]
,[1358179200101,18.5]
,[1358179502015,18.5]
,[1358179803924,18.625]
,[1358180105835,18.625]
,[1358180407745,18.687]
,[1358180709625,18.75]
,[1358181011520,18.75]
,[1358181313411,18.75]
,[1358181615310,18.75]
,[1358181917200,18.812]
,[1358182219080,18.875]
,[1358182520973,18.875]
,[1358182823053,18.937]
,[1358183124980,19]
,[1358183426850,19]
,[1358183728723,19.062]
,[1358184030594,19.062]
,[1358184332463,19.062]
,[1358184634332,19.062]
,[1358184937063,19.187]
,[1358185238931,19.125]
,[1358185540801,19.187]
,[1358185842669,18.75]
,[1358186144544,18.687]
,[1358186446412,18.812]
,[1358186748281,19]
,[1358187050149,19.062]
,[1358187352023,19.125]
,[1358187653891,19.187]
,[1358187955764,19.187]
,[1358188257634,19.125]
,[1358188559504,19.187]
,[1358188861371,19.125]
,[1358189163244,19.187]
,[1358189465112,19.187]
,[1358189766983,19.25]
,[1358190068851,19.25]
,[1358190370721,19.25]
,[1358190672592,19.25]
,[1358190974466,19.25]
,[1358191276332,19.312]
,[1358191579113,19.375]
,[1358191881012,19.375]
,[1358192182912,19.375]
,[1358192484811,19.312]
,[1358192786701,19.312]
,[1358193088614,19.312]
,[1358193390536,19.312]
,[1358193692447,19.25]
,[1358193994355,19.312]
,[1358194296284,19.25]
,[1358194598219,19.25]
,[1358194900251,19.25]
,[1358195202157,19.25]
,[1358195504068,19.187]
,[1358195806013,19.187]
,[1358196107916,19.125]
,[1358196409842,18.937]
,[1358196711750,19.062]
,[1358197013687,19.187]
,[1358197315594,19.125]
,[1358197617493,19.187]
,[1358197919427,19.187]
,[1358198221355,19.25]
,[1358198523304,19.187]
,[1358198825205,19.312]
,[1358199127140,19.25]
,[1358199429082,19.25]
,[1358199731018,19.312]
,[1358200032904,19.312]
,[1358200334830,19.25]
,[1358200636704,19.25]
,[1358200938636,19.312]
,[1358201240520,19.25]
,[1358201542456,19.25]
,[1358201844359,18.375]
,[1358202146270,18.125]
,[1358202448175,17.875]
,[1358202750076,18.312]
,[1358203051990,18.562]
,[1358203353895,18.437]
,[1358203655805,18.312]
,[1358203957721,18.187]
,[1358204259624,18.062]
,[1358204561537,17.937]
,[1358204863449,17.375]
,[1358205165363,17.125]
,[1358205467299,17.25]
,[1358205769216,17.125]
,[1358206071125,17.062]
,[1358206373065,17]
,[1358206674967,17]
,[1358206976892,16.875]
,[1358207278817,16.812]
,[1358207580715,16.75]
,[1358207882615,16.75]
,[1358208184514,16.625]
,[1358208494978,16.625]
,[1358208797014,16.562]
,[1358209098911,16.625]
,[1358209400784,16.75]
,[1358209702655,16.75]
,[1358210004524,16.625]
,[1358210306396,16.562]
,[1358210608278,16.562]
,[1358210910155,16.437]
,[1358211212027,16.437]
,[1358211513916,16.375]
,[1358211815796,16.375]
,[1358212117677,16.312]
,[1358212419555,16.187]
,[1358212721438,16.187]
,[1358213023320,16.187]
,[1358213325198,16.125]
,[1358213627077,16.062]
,[1358213928955,16]
,[1358214230834,16]
,[1358214532707,16]
,[1358214834577,15.875]
,[1358215136456,15.937]
,[1358215438341,15.875]
,[1358215740215,15.812]
,[1358216042088,15.75]
,[1358216343966,15.75]
,[1358216645847,15.687]
,[1358216947726,15.75]
,[1358217249594,15.687]
,[1358217551470,15.625]
,[1358217853350,15.562]
,[1358218155232,15.5]
,[1358218457105,15.5]
,[1358218758985,15.437]
,[1358219060855,15.437]
,[1358219362751,15.375]
,[1358219664627,15.375]
,[1358219966495,15.375]
,[1358220269215,15.312]
,[1358220571086,15.312]
,[1358220872975,15.312]
,[1358221174857,15.25]
,[1358221476735,15.25]
,[1358221778605,15.187]
,[1358222080480,15.187]
,[1358222382362,15.187]
,[1358222684236,15.125]
,[1358222986114,15.062]
,[1358223288017,15.062]
,[1358223589885,15]
,[1358223891758,15]
,[1358224193635,15]
,[1358224495505,14.937]
,[1358224797374,14.937]
,[1358225099245,14.875]
,[1358225401114,14.875]
,[1358225702988,14.875]
,[1358226004867,14.812]
,[1358226306743,14.812]
,[1358226608615,14.75]
,[1358226910515,14.75]
,[1358227212386,14.75]
,[1358227514257,14.687]
,[1358227817061,14.687]
,[1358228118962,14.812]
,[1358228420906,14.687]
,[1358228722818,14.937]
,[1358229024724,15.187]
,[1358229326626,15.375]
,[1358229628546,15.562]
,[1358229930492,15.687]
,[1358230232422,15.812]
,[1358230534336,15.937]
,[1358230836246,16]
,[1358231138139,16.125]
,[1358231440037,16.125]
,[1358231741945,16.375]
,[1358232043844,16.437]
,[1358232345720,16.5]
,[1358232647595,16.625]
,[1358232949474,16.687]
,[1358233251345,16.75]
,[1358233553246,16.875]
,[1358233855117,16.937]
,[1358234156996,17]
,[1358234458884,16.687]
,[1358234760755,16.562]
,[1358235062628,16.875]
,[1358235364507,17.125]
,[1358235666419,17.187]
,[1358235968298,17.25]
,[1358236270195,17.062]
,[1358236572075,17]
,[1358236873959,16.937]
,[1358237175845,16.937]
,[1358237477726,17]
,[1358237779595,16.875]
,[1358238081475,16.875]
,[1358238383413,16.75]
,[1358238685299,16.562]
,[1358238987186,16.437]
,[1358239289106,16.312]
,[1358239591930,16.187]
,[1358239893836,16.062]
,[1358240195748,15.937]
,[1358240497658,15.812]
,[1358240799565,15.75]
,[1358241101467,15.687]
,[1358241403378,15.625]
,[1358241705271,15.625]
,[1358242007206,15.437]
,[1358242309131,15.437]
,[1358242611041,15.375]
,[1358242912975,15.312]
,[1358243214879,15.312]
,[1358243516789,15.25]
,[1358243818696,15.187]
,[1358244120617,15.187]
,[1358244422601,15.125]
,[1358244725345,15.125]
,[1358245027267,15.062]
,[1358245329176,15]
,[1358245631099,15]
,[1358245933007,15.062]
,[1358246234943,15]
,[1358246536835,15]
,[1358246838765,14.937]
,[1358247140687,14.937]
,[1358247442605,14.937]
,[1358247744495,14.875]
,[1358248046385,14.812]
,[1358248348275,14.875]
,[1358248650206,14.812]
,[1358248952137,14.75]
,[1358249254058,14.687]
,[1358249555946,14.687]
,[1358249857881,14.75]
,[1358250159794,14.5]
,[1358250461736,14.562]
,[1358250763636,14.75]
,[1358251065549,14.75]
,[1358251367456,14.75]
,[1358251669366,14.687]
,[1358251971278,14.687]
,[1358252273186,14.75]
,[1358252575085,14.812]
,[1358252876996,14.687]
,[1358253179757,14.625]
,[1358253481699,14.687]
,[1358253783647,14.625]
,[1358254085564,14.625]
,[1358254387486,14.625]
,[1358254689399,14.562]
,[1358254991316,14.5]
,[1358255293284,14.437]
,[1358255595235,14.5]
,[1358255897145,14.5]
,[1358256199066,14.437]
,[1358256500975,14.437]
,[1358256802907,14.375]
,[1358257104825,14.375]
,[1358257406744,14.312]
,[1358257708658,14.375]
,[1358258010574,14.375]
,[1358258312526,14.375]
,[1358258614455,14.25]
,[1358258916356,14.25]
,[1358259218258,14.375]
,[1358259520171,14.312]
,[1358259822094,14.125]
,[1358260123998,14.187]
,[1358260425940,14.25]
,[1358260727857,14.187]
,[1358261029771,14.187]
,[1358261331703,14.187]
,[1358261633641,14.125]
,[1358261935538,14.187]
,[1358262237445,14.125]
,[1358262539323,14.125]
,[1358262841195,14.125]
,[1358263143086,14.062]
,[1358263445004,14]
,[1358263746906,14]
,[1358264048825,14]
,[1358264350696,14]
,[1358264652575,13.937]
,[1358264954449,13.812]
,[1358265256346,14.125]
,[1358265558257,14.375]
,[1358265860158,14.562]
,[1358266162057,14.562]
,[1358266463936,14.812]
,[1358266765820,14.937]
,[1358267067725,15.062]
,[1358267369638,15.187]
,[1358267671515,15.25]
,[1358267973384,15.375]
,[1358268275292,15.5]
,[1358268577211,15.562]
,[1358268879153,15.625]
,[1358269181059,15.75]
,[1358269483966,15.875]
,[1358269785985,15.937]
,[1358270087944,15.937]
,[1358270389875,16.062]
,[1358270691795,16.062]
,[1358270993716,16.187]
,[1358271295625,16.187]
,[1358271597564,16.25]
,[1358271899496,16.25]
,[1358272201405,16.25]
,[1358272503408,16.437]
,[1358272805345,16.562]
,[1358273107289,16.687]
,[1358273409205,16.75]
,[1358273711120,16.875]
,[1358274013067,17]
,[1358274314995,17]
,[1358274616915,17.062]
,[1358274918855,16.375]
,[1358275220795,15.75]
,[1358275522706,15.562]
,[1358275824688,15.5]
,[1358276126626,15.562]
,[1358276428565,15.437]
,[1358276730486,15.437]
,[1358277032406,15.5]
,[1358277334315,15.562]
,[1358277636226,15.562]
,[1358277938155,15.562]
,[1358278240069,15.812]
,[1358278542006,16.125]
,[1358278843965,16.437]
,[1358279145917,16.562]
,[1358279447868,16.687]
,[1358279750031,16.625]
,[1358280052474,16.75]
,[1358280354834,16.75]
,[1358280657547,16.75]
,[1358280960694,17.062]
,[1358281262651,16.625]
,[1358281564555,17]
,[1358281866457,16.937]
,[1358282168444,17]
,[1358282470652,17.062]
,[1358282773791,17.125]
,[1358283075914,17]
,[1358283378004,17]
,[1358283680945,16.75]
,[1358283983067,17.125]
,[1358284285356,17.125]
,[1358284587464,17.187]
,[1358284889744,17.125]
,[1358285191844,17.187]
,[1358285502122,17.187]
,[1358285804802,17.25]
,[1358286106757,17.375]
,[1358286408668,17.25]
,[1358286710615,17.312]
,[1358287012522,17.312]
,[1358287314441,17.312]
,[1358287616361,17.25]
,[1358287918478,17]
,[1358288220616,16.625]
,[1358288522714,16.375]
,[1358288824828,16.5]
,[1358289127178,16.375]
,[1358289429600,16.25]
,[1358289731865,16.25]
,[1358290034052,16.125]
,[1358290337304,16]
,[1358290639414,15.75]
,[1358290941374,15.562]
,[1358315498852,13.687]
,[1358315800745,13.875]
,[1358316102619,14]
,[1358316404486,14.187]
,[1358316706360,14.312]
,[1358317008227,14.437]
,[1358317310093,14.625]
,[1358317612976,14.75]
,[1358317914874,14.875]
,[1358318216743,15.062]
,[1358318518619,15.187]
,[1358318820485,15.312]
,[1358319123193,15.25]
,[1358319425064,15.187]
,[1358319726933,15.125]
,[1358320028802,14.937]
,[1358320330683,14.937]
,[1358320632557,14.875]
,[1358320934423,14.687]
,[1358321236295,15]
,[1358321538163,15.125]
,[1358321840033,15.312]
,[1358322141905,15.375]
,[1358322443776,15.437]
,[1358322745642,15.562]
,[1358323047505,15.687]
,[1358323349373,15.812]
,[1358323882070,16]
,[1358324183945,16.062]
,[1358324485812,16.187]
,[1358324787672,16.25]
,[1358325089532,16.312]
,[1358325391405,16.312]
,[1358325693273,16.437]
,[1358325995147,16.5]
,[1358326297017,16.562]
,[1358326598882,16.687]
,[1358326900753,16.687]
,[1358327202624,16.75]
,[1358327504492,16.75]
,[1358327807192,16.937]
,[1358328109054,17]
,[1358328410923,17]
,[1358328712782,17.062]
,[1358329014645,17.187]
,[1358329316512,17.25]
,[1358329618372,17.312]
,[1358329920247,17.437]
,[1358330222115,17.5]
,[1358330523985,17.562]
,[1358330826692,17.687]
,[1358331128555,17.687]
,[1358331430423,17.812]
,[1358331732295,17.812]
,[1358332034166,17.875]
,[1358332336033,17.812]
,[1358332637894,17.875]
,[1358332939764,17.937]
,[1358333241634,17.937]
,[1358333543524,18]
,[1358333845394,18]
,[1358334147262,18]
,[1358334449129,18.062]
,[1358334750998,18.125]
,[1358335052862,18.125]
,[1358335354733,18.187]
,[1358335656605,18.25]
,[1358335958474,18.5]
,[1358336260343,18.562]
,[1358336562215,18.625]
,[1358336864086,18.562]
,[1358337165954,18.687]
,[1358337467825,18.5]
,[1358337769695,18.687]
,[1358338071564,18.75]
,[1358338373493,18.75]
,[1358338675365,18.75]
,[1358338977234,18.875]
,[1358339279104,18.625]
,[1358339580975,18.25]
,[1358339882845,18.25]
,[1358340184716,18.125]
,[1358340486588,17.875]
,[1358340788453,17.687]
,[1358341090325,17.562]
,[1358341392196,17.562]
,[1358341694063,17.5]
,[1358341995936,17.562]
,[1358342297805,17.5]
,[1358342599674,17.312]
,[1358342901543,17.187]
,[1358343203414,17.125]
,[1358343505284,17.125]
,[1358343807158,17.375]
,[1358344109024,17.125]
,[1358344410893,17.125]
,[1358344712764,17.5]
,[1358345014636,17.687]
,[1358345316507,18.25]
,[1358345618378,18.062]
,[1358345920244,17.25]
,[1358346222114,17.187]
,[1358346523983,17.5]
,[1358346825855,17.562]
,[1358347127724,17.875]
,[1358347429593,18]
,[1358347731464,18.062]
,[1358348033334,18.062]
,[1358348335204,18.562]
,[1358348637076,18.687]
,[1358348938947,18.875]
,[1358349240813,18.937]
,[1358349542683,19.062]
,[1358349844555,19.062]
,[1358350147265,19.125]
,[1358350449134,19.125]
,[1358350751003,19.187]
,[1358351052874,19.25]
,[1358351354749,19.312]
,[1358351656614,19.375]
,[1358351959323,19.375]
,[1358352261192,19.437]
,[1358352563054,19.5]
,[1358352864928,19.5]
,[1358353166796,19.562]
,[1358353468667,19.625]
,[1358353770538,19.687]
,[1358354072410,19.687]
,[1358354374291,19.687]
,[1358354676156,19.75]
,[1358354978024,19.687]
,[1358355279896,19.75]
,[1358355581767,19.687]
,[1358355883638,19.812]
,[1358356185507,19.75]
,[1358356487378,19.625]
,[1358356789246,18.812]
,[1358357091117,18.937]
,[1358357392989,19.187]
,[1358357694858,19.25]
,[1358357997630,18.625]
,[1358358299547,18.812]
,[1358358601429,18.437]
,[1358358903338,18.937]
,[1358359205240,18.812]
,[1358359507120,19.062]
,[1358359809002,19]
,[1358360110896,19.187]
,[1358360412766,19]
,[1358360714638,19.312]
,[1358361016509,19.25]
,[1358361318377,19.562]
,[1358361620248,19.375]
,[1358361922117,19.25]
,[1358362223990,19.187]
,[1358362525858,19.312]
,[1358362827728,19.312]
,[1358363129597,19.375]
,[1358363431466,19.375]
,[1358363733338,19.437]
,[1358364035219,19.5]
,[1358364337963,19.437]
,[1358364639867,19.5]
,[1358364941817,19.437]
,[1358365243719,19.5]
,[1358365545616,19.562]
,[1358365847540,19.687]
,[1358366149416,19.812]
,[1358366228762,19.812]
,[1358368203468,19.437]
,[1358368505339,19.5]
,[1358368807237,19.062]
,[1358369109099,19]
