[1358116749000,1.5]
,[1358116799000,1.437]
,[1358116979000,1.5]
,[1358116998000,1.5]
,[1358117038000,1.5]
,[1358117882000,1.5]
,[1358118097000,1.562]
,[1358118399000,1.5]
,[1358118490000,1.5]
,[1358118792000,1.562]
,[1358119094000,1.437]
,[1358119396000,1.437]
,[1358119697000,1.375]
,[1358119999000,1.312]
,[1358120301000,1.187]
,[1358120603000,1.187]
,[1358120905000,1.125]
,[1358121207000,1.062]
,[1358121509000,1.187]
,[1358121810000,1.125]
,[1358122112000,1.187]
,[1358122414000,1.187]
,[1358122716000,1.187]
,[1358123018000,1]
,[1358123320000,1.062]
,[1358123623000,0.937]
,[1358123924000,0.812]
,[1358124226000,0.75]
,[1358124528000,0.687]
,[1358124830000,0.875]
,[1358125132000,0.687]
,[1358125434000,0.687]
,[1358125736000,1]
,[1358126037000,1.062]
,[1358126339000,1.125]
,[1358126641000,1.187]
,[1358126943000,1.25]
,[1358127245000,1.312]
,[1358127547000,1.312]
,[1358127849000,1.125]
,[1358128151000,1.187]
,[1358128453000,1.312]
,[1358128755000,1.187]
,[1358129057000,1.25]
,[1358129359000,1.312]
,[1358129661000,1.25]
,[1358129962000,1.25]
,[1358130264000,1.187]
,[1358130566000,1.25]
,[1358130868000,1.187]
,[1358131170000,1.25]
,[1358131472000,1.25]
,[1358131774000,1.375]
,[1358132075000,1.5]
,[1358132377000,1.437]
,[1358132679000,1.375]
,[1358132981000,1.375]
,[1358133283000,1.375]
,[1358133585000,1.437]
,[1358133887000,1.375]
,[1358134189000,1.437]
,[1358134490000,1.312]
,[1358134792000,1.375]
,[1358135094000,1.375]
,[1358135396000,1.375]
,[1358135698000,1.187]
,[1358136000000,1.25]
,[1358136302000,1.25]
,[1358136603000,1]
,[1358136905000,0.687]
,[1358137207000,0.625]
,[1358137509000,0.5]
,[1358137811000,0.5]
,[1358138113000,0.625]
,[1358138415000,0.562]
,[1358138716000,0.5]
,[1358139018000,0.5]
,[1358139321000,0.562]
,[1358139623000,0.437]
,[1358139925000,0.437]
,[1358140228000,0.437]
,[1358140529000,0.437]
,[1358140831000,0.437]
,[1358141133000,0.312]
,[1358141435000,0.375]
,[1358141737000,0.5]
,[1358142039000,0.5]
,[1358142341000,0.5]
,[1358142643000,0.562]
,[1358142945000,0.5]
,[1358143247000,0.5]
,[1358143549000,0.5]
,[1358143851000,0.625]
,[1358144153000,0.625]
,[1358144455000,0.625]
,[1358144757000,0.687]
,[1358145059000,0.562]
,[1358145361000,0.687]
,[1358145663000,0.625]
,[1358145965000,0.562]
,[1358146266000,0.625]
,[1358146568000,0.687]
,[1358146871000,0.812]
,[1358147173000,0.75]
,[1358147475000,0.687]
,[1358147777000,0.75]
,[1358148079000,0.687]
,[1358148381000,0.687]
,[1358148683000,0.625]
,[1358148984000,0.562]
,[1358149286000,0.625]
,[1358149588000,0.562]
,[1358149890000,0.687]
,[1358150192000,0.687]
,[1358150495000,0.812]
,[1358150797000,0.687]
,[1358151099000,0.625]
,[1358151400000,0.75]
,[1358151702000,0.75]
,[1358152004000,0.937]
,[1358152306000,0.875]
,[1358152609000,0.875]
,[1358152911000,0.937]
,[1358153213000,0.812]
,[1358153515000,0.875]
,[1358153818000,1]
,[1358154120000,1.062]
,[1358154424000,1.125]
,[1358154726000,1]
,[1358155028000,1]
,[1358155330000,1.062]
,[1358155632000,1.125]
,[1358155935000,1.187]
,[1358156237000,1.312]
,[1358156539000,1.312]
,[1358156841000,1.375]
,[1358157144000,1.437]
,[1358157446000,1.437]
,[1358157749000,1.562]
,[1358158051000,1.562]
,[1358158353000,1.625]
,[1358158655000,1.625]
,[1358158957000,1.5]
,[1358159259000,1.562]
,[1358159561000,1.687]
,[1358159863000,1.812]
,[1358160165000,1.812]
,[1358160467000,1.875]
,[1358160769000,1.875]
,[1358161071000,1.875]
,[1358161372000,1.937]
,[1358161674000,1.875]
,[1358161976000,2.062]
,[1358162278000,1.875]
,[1358162580000,1.812]
,[1358162882000,1.937]
,[1358163184000,2]
,[1358163486000,2]
,[1358163787000,2.062]
,[1358164089000,2.125]
,[1358164391000,2.125]
,[1358164693000,2.312]
,[1358164995000,2.375]
,[1358165297000,2.25]
,[1358165599000,2.312]
,[1358165900000,2.312]
,[1358166202000,2.375]
,[1358166504000,2.437]
,[1358166806000,2.437]
,[1358167108000,2.312]
,[1358167410000,2.312]
,[1358167712000,2.312]
,[1358168014000,2.312]
,[1358168633949,2.25]
,[1358168935819,2.312]
,[1358169237688,2.187]
,[1358169539560,2.062]
,[1358169841429,2.062]
,[1358170143289,1.875]
,[1358170445161,1.937]
,[1358170747058,1.937]
,[1358171048949,2.062]
,[1358171350840,2.062]
,[1358171652710,2.125]
,[1358171954589,2.187]
,[1358172256516,2.25]
,[1358172558431,2.25]
,[1358172860301,2.312]
,[1358173162169,2.25]
,[1358173464062,2.187]
,[1358173765940,2.312]
,[1358174067812,2.187]
,[1358174369693,2.312]
,[1358174671564,2.187]
,[1358174973430,2.5]
,[1358175275300,2.687]
,[1358175577191,2.812]
,[1358175879092,2.812]
,[1358176181031,2.937]
,[1358176482931,2.937]
,[1358176784830,2.937]
,[1358177086733,2.875]
,[1358177388656,3]
,[1358177690573,2.937]
,[1358177992456,3.062]
,[1358178294372,2.937]
,[1358178596286,2.812]
,[1358178898203,2.687]
,[1358179200101,2.625]
,[1358179502015,2.562]
,[1358179803924,2.562]
,[1358180105835,2.562]
,[1358180407745,2.562]
,[1358180709625,2.5]
,[1358181011520,2.437]
,[1358181313411,2.5]
,[1358181615310,2.375]
,[1358181917200,2.375]
,[1358182219080,2.437]
,[1358182520973,2.437]
,[1358182823053,2.562]
,[1358183124980,2.562]
,[1358183426850,2.625]
,[1358183728723,2.687]
,[1358184030594,2.625]
,[1358184332463,2.5]
,[1358184634332,2.5]
,[1358184937063,2.625]
,[1358185238931,2.562]
,[1358185540801,2.687]
,[1358185842669,2.875]
,[1358186144544,3.062]
,[1358186446412,3.125]
,[1358186748281,3.187]
,[1358187050149,3.25]
,[1358187352023,3.062]
,[1358187653891,2.937]
,[1358187955764,2.875]
,[1358188257634,2.687]
,[1358188559504,2.687]
,[1358188861371,2.75]
,[1358189163244,2.687]
,[1358189465112,2.625]
,[1358189766983,2.5]
,[1358190068851,2.5]
,[1358190370721,2.437]
,[1358190672592,2.437]
,[1358190974466,2.312]
,[1358191276332,2.312]
,[1358191579113,2.437]
,[1358191881012,2.5]
,[1358192182912,2.5]
,[1358192484811,2.5]
,[1358192786701,2.437]
,[1358193088614,2.437]
,[1358193390536,2.562]
,[1358193692447,2.625]
,[1358193994355,2.562]
,[1358194296284,2.437]
,[1358194598219,2.187]
,[1358194900251,2.062]
,[1358195202157,2]
,[1358195504068,2.062]
,[1358195806013,2]
,[1358196107916,1.875]
,[1358196409842,1.812]
,[1358196711750,1.75]
,[1358197013687,1.687]
,[1358197315594,1.75]
,[1358197617493,1.937]
,[1358197919427,1.937]
,[1358198221355,2]
,[1358198523304,2.062]
,[1358198825205,2.062]
,[1358199127140,2.062]
,[1358199429082,2.125]
,[1358199731018,2.125]
,[1358200032904,2.125]
,[1358200334830,2.062]
,[1358200636704,2.125]
,[1358200938636,2.062]
,[1358201240520,2]
,[1358201542456,1.875]
,[1358201844359,1.75]
,[1358202146270,1.75]
,[1358202448175,1.875]
,[1358202750076,1.937]
,[1358203051990,1.937]
,[1358203353895,2.062]
,[1358203655805,2.062]
,[1358203957721,1.875]
,[1358204259624,2]
,[1358204561537,1.875]
,[1358204863449,1.937]
,[1358205165363,1.75]
,[1358205467299,1.75]
,[1358205769216,1.687]
,[1358206071125,1.687]
,[1358206373065,1.75]
,[1358206674967,1.75]
,[1358206976892,1.75]
,[1358207278817,1.75]
,[1358207580715,1.687]
,[1358207882615,1.562]
,[1358208184514,1.562]
,[1358208494978,1.437]
,[1358208797014,1.5]
,[1358209098911,1.437]
,[1358209400784,1.437]
,[1358209702655,1.562]
,[1358210004524,1.687]
,[1358210306396,1.812]
,[1358210608278,1.875]
,[1358210910155,1.875]
,[1358211212027,1.812]
,[1358211513916,1.812]
,[1358211815796,1.937]
,[1358212117677,1.937]
,[1358212419555,1.937]
,[1358212721438,2]
,[1358213023320,2]
,[1358213325198,2.062]
,[1358213627077,2]
,[1358213928955,2]
,[1358214230834,2]
,[1358214532707,2.062]
,[1358214834577,2.062]
,[1358215136456,2.125]
,[1358215438341,2.125]
,[1358215740215,2.125]
,[1358216042088,2.125]
,[1358216343966,2.125]
,[1358216645847,2.125]
,[1358216947726,2.125]
,[1358217249594,2.062]
,[1358217551470,2.125]
,[1358217853350,2.125]
,[1358218155232,2.125]
,[1358218457105,2.125]
,[1358218758985,2.125]
,[1358219060855,2.062]
,[1358219362751,2]
,[1358219664627,2.062]
,[1358219966495,2.062]
,[1358220269215,2]
,[1358220571086,2]
,[1358220872975,1.937]
,[1358221174857,1.875]
,[1358221476735,1.875]
,[1358221778605,1.75]
,[1358222080480,1.75]
,[1358222382362,1.687]
,[1358222684236,1.687]
,[1358222986114,1.687]
,[1358223288017,1.687]
,[1358223589885,1.687]
,[1358223891758,1.75]
,[1358224193635,1.687]
,[1358224495505,1.75]
,[1358224797374,1.687]
,[1358225099245,1.75]
,[1358225401114,1.812]
,[1358225702988,1.875]
,[1358226004867,1.812]
,[1358226306743,1.937]
,[1358226608615,1.875]
,[1358226910515,1.937]
,[1358227212386,1.875]
,[1358227514257,1.937]
,[1358227817061,1.937]
,[1358228118962,1.937]
,[1358228420906,2]
,[1358228722818,2]
,[1358229024724,2]
,[1358229326626,2]
,[1358229628546,1.812]
,[1358229930492,1.75]
,[1358230232422,1.75]
,[1358230534336,1.875]
,[1358230836246,1.875]
,[1358231138139,1.937]
,[1358231440037,1.937]
,[1358231741945,2]
,[1358232043844,2]
,[1358232345720,2]
,[1358232647595,2]
,[1358232949474,2]
,[1358233251345,2]
,[1358233553246,2]
,[1358233855117,1.937]
,[1358234156996,1.875]
,[1358234458884,1.75]
,[1358234760755,1.562]
,[1358235062628,1.687]
,[1358235364507,1.687]
,[1358235666419,1.5]
,[1358235968298,1.125]
,[1358236270195,0.937]
,[1358236572075,0.937]
,[1358236873959,1.187]
,[1358237175845,1.375]
,[1358237477726,1.437]
,[1358237779595,1.437]
,[1358238081475,1.312]
,[1358238383413,1.187]
,[1358238685299,1.375]
,[1358238987186,1.375]
,[1358239289106,1.437]
,[1358239591930,1.437]
,[1358239893836,1.437]
,[1358240195748,1.375]
,[1358240497658,1.437]
,[1358240799565,1.437]
,[1358241101467,1.437]
,[1358241403378,1.437]
,[1358241705271,1.5]
,[1358242007206,1.437]
,[1358242309131,1.5]
,[1358242611041,1.562]
,[1358242912975,1.437]
,[1358243214879,1.562]
,[1358243516789,1.625]
,[1358243818696,1.687]
,[1358244120617,1.625]
,[1358244422601,1.5]
,[1358244725345,1.375]
,[1358245027267,1.5]
,[1358245329176,1.625]
,[1358245631099,1.75]
,[1358245933007,1.875]
,[1358246234943,1.937]
,[1358246536835,2.062]
,[1358246838765,1.625]
,[1358247140687,1.875]
,[1358247442605,2.187]
,[1358247744495,2.062]
,[1358248046385,1.937]
,[1358248348275,2.187]
,[1358248650206,2.25]
,[1358248952137,2.062]
,[1358249254058,1.937]
,[1358249555946,2.125]
,[1358249857881,2.5]
,[1358250159794,2.437]
,[1358250461736,2]
,[1358250763636,2.625]
,[1358251065549,2.437]
,[1358251367456,2.375]
,[1358251669366,2.5]
,[1358251971278,2.187]
,[1358252273186,1.937]
,[1358252575085,1.937]
,[1358252876996,2.312]
,[1358253179757,2.187]
,[1358253481699,2.75]
,[1358253783647,2.375]
,[1358254085564,2.5]
,[1358254387486,2.875]
,[1358254689399,2.5]
,[1358254991316,2.25]
,[1358255293284,2.187]
,[1358255595235,2.25]
,[1358255897145,2.625]
,[1358256199066,2.625]
,[1358256500975,2.687]
,[1358256802907,2.562]
,[1358257104825,2.75]
,[1358257406744,2.687]
,[1358257708658,3.125]
,[1358258010574,3.25]
,[1358258312526,3]
,[1358258614455,2.687]
,[1358258916356,2.75]
,[1358259218258,3.187]
,[1358259520171,2.812]
,[1358259822094,2.812]
,[1358260123998,3]
,[1358260425940,3.25]
,[1358260727857,3.187]
,[1358261029771,3.312]
,[1358261331703,3.25]
,[1358261633641,3.062]
,[1358261935538,3]
,[1358262237445,3.125]
,[1358262539323,3.125]
,[1358262841195,3.125]
,[1358263143086,3.062]
,[1358263445004,2.812]
,[1358263746906,2.5]
,[1358264048825,2.375]
,[1358264350696,2.187]
,[1358264652575,2.125]
,[1358264954449,2.125]
,[1358265256346,2.062]
,[1358265558257,2.062]
,[1358265860158,1.937]
,[1358266162057,1.75]
,[1358266463936,1.687]
,[1358266765820,1.75]
,[1358267067725,1.812]
,[1358267369638,1.687]
,[1358267671515,1.5]
,[1358267973384,1.437]
,[1358268275292,1.5]
,[1358268577211,1.375]
,[1358268879153,1.25]
,[1358269181059,1.312]
,[1358269483966,1]
,[1358269785985,0.687]
,[1358270087944,0.5]
,[1358270389875,0.25]
,[1358270691795,-0.062]
,[1358270993716,-0.312]
,[1358271295625,-0.312]
,[1358271597564,-0.5]
,[1358271899496,-0.625]
,[1358272201405,-0.625]
,[1358272503408,-0.75]
,[1358272805345,-0.812]
,[1358273107289,-0.937]
,[1358273409205,-1.125]
,[1358273711120,-1]
,[1358274013067,-1]
,[1358274314995,-1]
,[1358274616915,-0.937]
,[1358274918855,-0.937]
,[1358275220795,-0.625]
,[1358275522706,-1]
,[1358275824688,-1.125]
,[1358276126626,-1.187]
,[1358276428565,-1.187]
,[1358276730486,-1.125]
,[1358277032406,-1.437]
,[1358277334315,-1.5]
,[1358277636226,-1.562]
,[1358277938155,-1.5]
,[1358278240069,-1.562]
,[1358278542006,-1.375]
,[1358278843965,-1.312]
,[1358279145917,-1.375]
,[1358279447868,-1.562]
,[1358279750031,-1.5]
,[1358280052474,-1.5]
,[1358280354834,-1.5]
,[1358280657547,-1.5]
,[1358280960694,-1.75]
,[1358281262651,-1.5]
,[1358281564555,-1.625]
,[1358281866457,-1.562]
,[1358282168444,-1.687]
,[1358282470652,-1.75]
,[1358282773791,-1.375]
,[1358283075914,-1.437]
,[1358283378004,-1.75]
,[1358283680945,-1.937]
,[1358283983067,-2]
,[1358284285356,-1.875]
,[1358284587464,-1.75]
,[1358284889744,-1.75]
,[1358285191844,-1.937]
,[1358285502122,-1.937]
,[1358285804802,-1.937]
,[1358286106757,-2.25]
,[1358286408668,-2.25]
,[1358286710615,-2.187]
,[1358287012522,-2.062]
,[1358287314441,-2.187]
,[1358287616361,-2.437]
,[1358287918478,-2.437]
,[1358288220616,-2.437]
,[1358288522714,-2.437]
,[1358288824828,-2.5]
,[1358289127178,-2.687]
,[1358289429600,-2.562]
,[1358289731865,-2.75]
,[1358290034052,-2.437]
,[1358290337304,-2.25]
,[1358290639414,-2.562]
,[1358290941374,-2.562]
,[1358315498852,-0.937]
,[1358315800745,-0.937]
,[1358316102619,-0.875]
,[1358316404486,-0.812]
,[1358316706360,-1]
,[1358317008227,-0.875]
,[1358317310093,-0.812]
,[1358317612976,-0.937]
,[1358317914874,-0.875]
,[1358318216743,-0.875]
,[1358318518619,-0.75]
,[1358318820485,-0.625]
,[1358319123193,-0.687]
,[1358319425064,-0.75]
,[1358319726933,-0.812]
,[1358320028802,-0.687]
,[1358320330683,-0.687]
,[1358320632557,-0.812]
,[1358320934423,-0.937]
,[1358321236295,-0.812]
,[1358321538163,-0.875]
,[1358321840033,-0.937]
,[1358322141905,-0.875]
,[1358322443776,-0.875]
,[1358322745642,-0.937]
,[1358323047505,-0.937]
,[1358323349373,-1.125]
,[1358323882070,-1]
,[1358324183945,-0.875]
,[1358324485812,-0.937]
,[1358324787672,-0.812]
,[1358325089532,-0.937]
,[1358325391405,-0.937]
,[1358325693273,-0.812]
,[1358325995147,-0.687]
,[1358326297017,-0.812]
,[1358326598882,-0.812]
,[1358326900753,-0.75]
,[1358327202624,-0.687]
,[1358327504492,-0.75]
,[1358327807192,-0.625]
,[1358328109054,-0.625]
,[1358328410923,-0.625]
,[1358328712782,-0.625]
,[1358329014645,-0.625]
,[1358329316512,-0.437]
,[1358329618372,-0.375]
,[1358329920247,-0.375]
,[1358330222115,-0.312]
,[1358330523985,-0.187]
,[1358330826692,-0.062]
,[1358331128555,-0.125]
,[1358331430423,-0.125]
,[1358331732295,-0.312]
,[1358332034166,-0.312]
,[1358332336033,-0.375]
,[1358332637894,-0.312]
,[1358332939764,-0.187]
,[1358333241634,-0.25]
,[1358333543524,-0.312]
,[1358333845394,-0.187]
,[1358334147262,-0.312]
,[1358334449129,-0.312]
,[1358334750998,-0.187]
,[1358335052862,-0.187]
,[1358335354733,0]
,[1358335656605,0.437]
,[1358335958474,1.25]
,[1358336260343,1.5]
,[1358336562215,1.437]
,[1358336864086,1.312]
,[1358337165954,1.062]
,[1358337467825,0.812]
,[1358337769695,1]
,[1358338071564,1.75]
,[1358338373493,1.75]
,[1358338675365,1.562]
,[1358338977234,1.625]
,[1358339279104,1.562]
,[1358339580975,1.687]
,[1358339882845,1.937]
,[1358340184716,2.062]
,[1358340486588,2.062]
,[1358340788453,1.75]
,[1358341090325,1.25]
,[1358341392196,1.062]
,[1358341694063,0.875]
,[1358341995936,1.375]
,[1358342297805,1.687]
,[1358342599674,1.312]
,[1358342901543,0.625]
,[1358343203414,0.312]
,[1358343505284,1.062]
,[1358343807158,1.5]
,[1358344109024,1.187]
,[1358344410893,0.875]
,[1358344712764,0.625]
,[1358345014636,0.687]
,[1358345316507,0.937]
,[1358345618378,0.812]
,[1358345920244,0.687]
,[1358346222114,0.75]
,[1358346523983,0.687]
,[1358346825855,0.625]
,[1358347127724,0.437]
,[1358347429593,0.437]
,[1358347731464,0.375]
,[1358348033334,0.062]
,[1358348335204,0.187]
,[1358348637076,0.125]
,[1358348938947,0.187]
,[1358349240813,0.062]
,[1358349542683,0.25]
,[1358349844555,0.25]
,[1358350147265,0.312]
,[1358350449134,0.25]
,[1358350751003,0.125]
,[1358351052874,0.187]
,[1358351354749,0.187]
,[1358351656614,0.125]
,[1358351959323,0.125]
,[1358352261192,0]
,[1358352563054,-0.187]
,[1358352864928,-0.062]
,[1358353166796,-0.125]
,[1358353468667,-0.125]
,[1358353770538,-0.125]
,[1358354072410,-0.125]
,[1358354374291,-0.125]
,[1358354676156,-0.062]
,[1358354978024,-0.187]
,[1358355279896,-0.187]
,[1358355581767,-0.312]
,[1358355883638,-0.437]
,[1358356185507,-0.5]
,[1358356487378,-0.437]
,[1358356789246,-0.5]
,[1358357091117,-0.562]
,[1358357392989,-0.625]
,[1358357694858,-0.687]
,[1358357997630,-0.75]
,[1358358299547,-0.75]
,[1358358601429,-0.687]
,[1358358903338,-1]
,[1358359205240,-0.875]
,[1358359507120,-0.875]
,[1358359809002,-0.812]
,[1358360110896,-0.812]
,[1358360412766,-0.562]
,[1358360714638,-0.687]
,[1358361016509,-0.687]
,[1358361318377,-0.625]
,[1358361620248,-0.812]
,[1358361922117,-1]
,[1358362223990,-0.937]
,[1358362525858,-0.875]
,[1358362827728,-0.875]
,[1358363129597,-0.937]
,[1358363431466,-0.875]
,[1358363733338,-0.875]
,[1358364035219,-1.062]
,[1358364337963,-1.187]
,[1358364639867,-1.25]
,[1358364941817,-1.375]
,[1358365243719,-1.625]
,[1358365545616,-1.75]
,[1358365847540,-1.687]
,[1358366149416,-1.75]
,[1358366228762,-1.687]
,[1358368203468,-2.312]
,[1358368505339,-2.437]
,[1358368807237,-2.187]
,[1358369109099,-2.187]
