[1358283075914,-1.437]
,[1358283378004,-1.75]
,[1358283680945,-1.937]
,[1358283983067,-2]
,[1358284285356,-1.875]
,[1358284587464,-1.75]
,[1358284889744,-1.75]
,[1358285191844,-1.937]
,[1358285502122,-1.937]
,[1358285804802,-1.937]
,[1358286106757,-2.25]
,[1358286408668,-2.25]
,[1358286710615,-2.187]
,[1358287012522,-2.062]
,[1358287314441,-2.187]
,[1358287616361,-2.437]
,[1358287918478,-2.437]
,[1358288220616,-2.437]
,[1358288522714,-2.437]
,[1358288824828,-2.5]
,[1358289127178,-2.687]
,[1358289429600,-2.562]
,[1358289731865,-2.75]
,[1358290034052,-2.437]
,[1358290337304,-2.25]
,[1358290639414,-2.562]
,[1358290941374,-2.562]
,[1358315498852,-0.937]
,[1358315800745,-0.937]
,[1358316102619,-0.875]
,[1358316404486,-0.812]
,[1358316706360,-1]
,[1358317008227,-0.875]
,[1358317310093,-0.812]
,[1358317612976,-0.937]
,[1358317914874,-0.875]
,[1358318216743,-0.875]
,[1358318518619,-0.75]
,[1358318820485,-0.625]
,[1358319123193,-0.687]
,[1358319425064,-0.75]
,[1358319726933,-0.812]
,[1358320028802,-0.687]
,[1358320330683,-0.687]
,[1358320632557,-0.812]
,[1358320934423,-0.937]
,[1358321236295,-0.812]
,[1358321538163,-0.875]
,[1358321840033,-0.937]
,[1358322141905,-0.875]
,[1358322443776,-0.875]
,[1358322745642,-0.937]
,[1358323047505,-0.937]
,[1358323349373,-1.125]
,[1358323882070,-1]
,[1358324183945,-0.875]
,[1358324485812,-0.937]
,[1358324787672,-0.812]
,[1358325089532,-0.937]
,[1358325391405,-0.937]
,[1358325693273,-0.812]
,[1358325995147,-0.687]
,[1358326297017,-0.812]
,[1358326598882,-0.812]
,[1358326900753,-0.75]
,[1358327202624,-0.687]
,[1358327504492,-0.75]
,[1358327807192,-0.625]
,[1358328109054,-0.625]
,[1358328410923,-0.625]
,[1358328712782,-0.625]
,[1358329014645,-0.625]
,[1358329316512,-0.437]
,[1358329618372,-0.375]
,[1358329920247,-0.375]
,[1358330222115,-0.312]
,[1358330523985,-0.187]
,[1358330826692,-0.062]
,[1358331128555,-0.125]
,[1358331430423,-0.125]
,[1358331732295,-0.312]
,[1358332034166,-0.312]
,[1358332336033,-0.375]
,[1358332637894,-0.312]
,[1358332939764,-0.187]
,[1358333241634,-0.25]
,[1358333543524,-0.312]
,[1358333845394,-0.187]
,[1358334147262,-0.312]
,[1358334449129,-0.312]
,[1358334750998,-0.187]
,[1358335052862,-0.187]
,[1358335354733,0]
,[1358335656605,0.437]
,[1358335958474,1.25]
,[1358336260343,1.5]
,[1358336562215,1.437]
,[1358336864086,1.312]
,[1358337165954,1.062]
,[1358337467825,0.812]
,[1358337769695,1]
,[1358338071564,1.75]
,[1358338373493,1.75]
,[1358338675365,1.562]
,[1358338977234,1.625]
,[1358339279104,1.562]
,[1358339580975,1.687]
,[1358339882845,1.937]
,[1358340184716,2.062]
,[1358340486588,2.062]
,[1358340788453,1.75]
,[1358341090325,1.25]
,[1358341392196,1.062]
,[1358341694063,0.875]
,[1358341995936,1.375]
,[1358342297805,1.687]
,[1358342599674,1.312]
,[1358342901543,0.625]
,[1358343203414,0.312]
,[1358343505284,1.062]
,[1358343807158,1.5]
,[1358344109024,1.187]
,[1358344410893,0.875]
,[1358344712764,0.625]
,[1358345014636,0.687]
,[1358345316507,0.937]
,[1358345618378,0.812]
,[1358345920244,0.687]
,[1358346222114,0.75]
,[1358346523983,0.687]
,[1358346825855,0.625]
,[1358347127724,0.437]
,[1358347429593,0.437]
,[1358347731464,0.375]
,[1358348033334,0.062]
,[1358348335204,0.187]
,[1358348637076,0.125]
,[1358348938947,0.187]
,[1358349240813,0.062]
,[1358349542683,0.25]
,[1358349844555,0.25]
,[1358350147265,0.312]
,[1358350449134,0.25]
,[1358350751003,0.125]
,[1358351052874,0.187]
,[1358351354749,0.187]
,[1358351656614,0.125]
,[1358351959323,0.125]
,[1358352261192,0]
,[1358352563054,-0.187]
,[1358352864928,-0.062]
,[1358353166796,-0.125]
,[1358353468667,-0.125]
,[1358353770538,-0.125]
,[1358354072410,-0.125]
,[1358354374291,-0.125]
,[1358354676156,-0.062]
,[1358354978024,-0.187]
,[1358355279896,-0.187]
,[1358355581767,-0.312]
,[1358355883638,-0.437]
,[1358356185507,-0.5]
,[1358356487378,-0.437]
,[1358356789246,-0.5]
,[1358357091117,-0.562]
,[1358357392989,-0.625]
,[1358357694858,-0.687]
,[1358357997630,-0.75]
,[1358358299547,-0.75]
,[1358358601429,-0.687]
,[1358358903338,-1]
,[1358359205240,-0.875]
,[1358359507120,-0.875]
,[1358359809002,-0.812]
,[1358360110896,-0.812]
,[1358360412766,-0.562]
,[1358360714638,-0.687]
,[1358361016509,-0.687]
,[1358361318377,-0.625]
,[1358361620248,-0.812]
,[1358361922117,-1]
,[1358362223990,-0.937]
,[1358362525858,-0.875]
,[1358362827728,-0.875]
,[1358363129597,-0.937]
,[1358363431466,-0.875]
,[1358363733338,-0.875]
,[1358364035219,-1.062]
,[1358364337963,-1.187]
,[1358364639867,-1.25]
,[1358364941817,-1.375]
,[1358365243719,-1.625]
,[1358365545616,-1.75]
,[1358365847540,-1.687]
,[1358366149416,-1.75]
,[1358366228762,-1.687]
,[1358368203468,-2.312]
,[1358368505339,-2.437]
,[1358368807237,-2.187]
,[1358369109099,-2.187]
,[1358369712839,-2.125]
,[1358370014872,-2.125]
,[1358370316750,-2.25]
,[1358370618612,-2.562]
,[1358370920472,-2.562]
,[1358371035161,-2.562]
,[1358371096302,-2.562]
,[1358371275190,-2.687]
,[1358371578555,-2.75]
,[1358371888446,-2.437]
,[1358372208090,-2.625]
,[1358372512012,-2.75]
,[1358372814203,-2.625]
,[1358373117651,-2.437]
,[1358373420954,-2.75]
,[1358373732923,-2.812]
,[1358374045083,-2.812]
,[1358374357834,-2.25]
,[1358374665292,-2.187]
,[1358374971080,-2.5]
,[1358375276873,-2.687]
,[1358375589619,-2.687]
,[1358375903819,-2.375]
,[1358376073873,-2.437]
,[1358376208853,-2.5]
,[1358376322822,-2.5]
,[1358376418318,-2.5]
,[1358376727933,-2.562]
,[1358376930247,-2.5]
,[1358377230817,-2.562]
,[1358377540868,-2.25]
,[1358378103281,-2.125]
,[1358378417962,-2.25]
,[1358378722411,-2.312]
,[1358379026505,-2.437]
,[1358379329921,-2.375]
,[1358379633281,-2.187]
,[1358379937215,-2.187]
,[1358380240634,-2.125]
,[1358380543970,-2.125]
,[1358380847402,-1.937]
,[1358381150809,-2]
,[1358381454191,-1.687]
,[1358381758043,-1.812]
,[1358382061450,-1.937]
,[1358382364772,-1.937]
,[1358382668120,-1.687]
,[1358382971411,-1.687]
,[1358383274760,-1.875]
,[1358383578100,-1.875]
,[1358383881490,-1.875]
,[1358384184900,-1.812]
,[1358384488236,-1.937]
,[1358384791570,-1.875]
,[1358385094901,-1.875]
,[1358385398233,-1.937]
,[1358385701631,-1.937]
,[1358386005050,-1.75]
,[1358386308531,-1.937]
,[1358386611822,-1.937]
,[1358386915241,-2.062]
,[1358387218703,-2.187]
,[1358387522161,-2.187]
,[1358387825521,-2.062]
,[1358388128934,-1.875]
,[1358388432350,-1.812]
,[1358388735691,-1.937]
,[1358389039050,-1.812]
,[1358389342390,-2]
,[1358389645721,-2.062]
,[1358389949153,-2.187]
,[1358390252532,-2.25]
,[1358390556033,-2.125]
,[1358390859370,-2.187]
,[1358391162712,-2.125]
,[1358391466052,-2.312]
,[1358391769380,-2.375]
,[1358392072820,-2.437]
,[1358392376151,-2.5]
,[1358392679522,-2.312]
,[1358392982930,-2.062]
,[1358393286244,-2.125]
,[1358393589712,-2.312]
,[1358393893175,-2.437]
,[1358394196554,-2.312]
,[1358394500003,-2.062]
,[1358394803432,-2.125]
,[1358395106804,-2.187]
,[1358395410262,-2]
,[1358395713573,-1.937]
,[1358396016951,-1.937]
,[1358396320542,-1.937]
,[1358396624024,-2.062]
,[1358396927471,-2.125]
,[1358397230802,-2.125]
,[1358397534144,-2.125]
,[1358397837471,-2.187]
,[1358398140823,-2.187]
,[1358398444161,-2.125]
,[1358398747435,-2.187]
,[1358399050853,-2.187]
,[1358399354230,-2.125]
,[1358399657521,-2.062]
,[1358399960871,-2.062]
,[1358400264161,-2.125]
,[1358400567494,-2.062]
,[1358400870862,-1.875]
,[1358401174230,-1.812]
,[1358401477582,-1.75]
,[1358401780961,-1.812]
,[1358402084422,-1.937]
,[1358402387802,-1.812]
,[1358402691134,-1.875]
,[1358402994502,-1.75]
,[1358403297875,-1.687]
,[1358403601257,-1.687]
,[1358403906956,-1.625]
,[1358404216006,-1.5]
,[1358404522733,-1.437]
,[1358404827940,-1.375]
,[1358405136154,-1.437]
,[1358405440544,-1.312]
,[1358405744086,-1.25]
,[1358406047516,-1.437]
,[1358406350865,-1.437]
,[1358406654255,-1.375]
,[1358406958090,-1.187]
,[1358407261414,-1.125]
,[1358407565001,-1.187]
,[1358407868464,-1.187]
,[1358408171855,-1.125]
,[1358408476017,-1.187]
,[1358408788854,-1.25]
,[1358409100924,-1.062]
,[1358409412945,-0.937]
,[1358409724966,-1.062]
,[1358410037155,-1.062]
,[1358410349193,-1]
,[1358410661634,-1]
,[1358410973646,-0.875]
,[1358411285678,-0.812]
,[1358411597694,-0.687]
,[1358411909715,-0.625]
,[1358412221746,-0.5]
,[1358412534187,-0.562]
,[1358412846214,-0.625]
,[1358413158224,-0.687]
,[1358413470316,-0.562]
,[1358413782350,-0.562]
,[1358414095706,-0.625]
,[1358414407846,-0.562]
,[1358414719932,-0.562]
,[1358415031986,-0.5]
,[1358415344037,-0.437]
,[1358415656096,-0.312]
,[1358415968178,-0.25]
,[1358416280345,-0.25]
,[1358416592471,-0.375]
,[1358416904537,-0.375]
,[1358417216600,-0.437]
,[1358417528662,-0.437]
,[1358417840748,-0.375]
,[1358418152808,-0.312]
,[1358418464894,-0.25]
,[1358418776997,-0.312]
,[1358419089131,-0.125]
,[1358419401219,0]
,[1358419713305,0.062]
,[1358420025356,0.187]
,[1358420337405,0.187]
,[1358420649486,0.25]
,[1358420961581,0.375]
,[1358421273960,0.437]
,[1358421586006,0.5]
,[1358421898057,0.5]
,[1358422210277,0.562]
,[1358422522355,0.687]
,[1358422834435,0.75]
,[1358423146647,0.875]
,[1358423458719,0.875]
,[1358423771054,0.75]
,[1358424083226,0.812]
,[1358424395336,0.875]
,[1358424707421,0.812]
,[1358425019536,0.937]
,[1358425331689,1]
,[1358425643819,1]
,[1358425955898,1]
,[1358426268027,1.187]
,[1358426580967,1.062]
,[1358426893038,1.187]
,[1358427205175,1.375]
,[1358427518089,1.687]
,[1358427830117,1.875]
,[1358428142238,1.937]
,[1358428454390,1.937]
,[1358428766416,1.937]
,[1358429079305,2]
,[1358429391405,2.062]
,[1358429703435,2.125]
,[1358430015455,2.187]
,[1358430327476,2.312]
,[1358430639498,2.312]
,[1358430951528,2.375]
,[1358431264115,2.312]
,[1358431576225,2.375]
,[1358431888330,2.437]
,[1358432200472,2.437]
,[1358432512566,2.375]
,[1358432824585,2.375]
,[1358433136605,2.375]
,[1358433448625,2.312]
,[1358433760648,2.312]
,[1358434072686,2.312]
,[1358434384784,2.25]
,[1358434697669,2.25]
,[1358435009686,2.187]
,[1358435321772,2.187]
,[1358435634155,2]
,[1358435946285,2]
,[1358436258310,2]
,[1358436570406,2]
,[1358436882414,1.875]
,[1358437194434,1.75]
,[1358437506548,1.75]
,[1358437818576,1.75]
,[1358438130606,1.75]
,[1358438442716,1.75]
,[1358438754736,1.75]
,[1358439066755,1.75]
,[1358439378776,1.75]
,[1358439690796,1.75]
,[1358440002816,1.687]
,[1358440314838,1.625]
,[1358440626936,1.687]
,[1358440938982,1.75]
,[1358441251016,1.687]
,[1358441563138,1.75]
,[1358441875226,1.75]
,[1358442187299,1.812]
,[1358442499385,1.812]
,[1358442811495,1.875]
,[1358443123586,1.812]
,[1358443435665,1.812]
,[1358443747800,1.875]
,[1358444059860,1.875]
,[1358444371913,1.875]
,[1358444684097,1.875]
,[1358444996175,1.875]
,[1358445309025,1.875]
,[1358445621307,1.937]
,[1358445933356,1.937]
,[1358446245471,1.937]
,[1358446549762,1.937]
,[1358446855348,1.937]
,[1358447159928,1.937]
,[1358447464567,2]
,[1358447767999,2]
,[1358448071406,2.125]
,[1358448375717,2.125]
,[1358448679937,1.937]
,[1358448984125,2]
,[1358449288094,2]
,[1358449595202,2]
,[1358449900613,1.937]
,[1358450204916,1.937]
,[1358450509105,2]
,[1358450813351,1.937]
,[1358451117676,1.875]
,[1358451421888,2]
,[1358451726076,2]
,[1358452030766,1.937]
,[1358452335039,2]
,[1358452639698,2.062]
,[1358452943850,1.937]
,[1358453247407,1.937]
,[1358453551775,1.937]
,[1358453856458,1.875]
,[1358454160678,1.875]
,[1358454465097,1.875]
,[1358454768486,1.875]
,[1358455071976,1.875]
,[1358455375296,1.937]
,[1358455679558,1.937]
,[1358455983766,1.937]
,[1358456287906,1.937]
,[1358456592127,1.875]
